# [x, y theta]
location1: [1.02641, -1.19668, -1.4116]
location2: [0.697868, 0.314995, 1.8367]