# [x, y theta]
location1: [1.91597, -0.123273, -0.00561813]
location2: [0.340141, -0.889422, 1.59296]
location3: [0.0, 0.0, 0.0]